
qMidx = [ -0.2191 0      0.0967     0.3630]
qMidy = [ 2.4039     2.2143     2.1118     1.7722]


